-7.186977267265319824e-01
-1.494385838508605957e+00
-3.069036245346069336e+00
-4.801450371742248535e-01
-3.788672089576721191e-01
-1.069578289985656738e+00
-1.233745932579040527e+00
-7.086829543113708496e-01
6.738213300704956055e-01
3.049837052822113037e-01
-1.448377817869186401e-01
-2.355118244886398315e-01
-2.180272102355957031e+00
-1.943818211555480957e+00
-1.268053174018859863e+00
-1.589892148971557617e+00
-1.236780405044555664e+00
-1.181491136550903320e+00
-2.398715496063232422e+00
-3.095939397811889648e+00
-2.678295373916625977e+00
-1.787201046943664551e+00
-4.033633232116699219e+00
-4.177845954895019531e+00
-3.784880638122558594e+00
-2.989609241485595703e+00
-3.580451488494873047e+00
-2.504108190536499023e+00
-1.175907015800476074e+00
8.824058771133422852e-01
5.587375164031982422e-01
3.726793825626373291e-01
3.235661387443542480e-01
5.325561165809631348e-01
3.740656673908233643e-01
-8.557974360883235931e-03
-1.749175228178501129e-02
-6.620810031890869141e-01
-3.180100619792938232e-01
2.081264704465866089e-01
-1.034283876419067383e+00
-7.425771951675415039e-01
-7.985445857048034668e-01
-1.527856707572937012e+00
-1.958131194114685059e+00
-1.864970326423645020e+00
-1.205052375793457031e+00
-2.251085758209228516e+00
-2.361713647842407227e+00
-2.182364463806152344e+00
-1.711270213127136230e+00
-2.621741056442260742e+00
-3.102023124694824219e+00
-3.418875455856323242e+00
-3.402621269226074219e+00
-2.650007009506225586e+00
-2.684112548828125000e+00
-3.003728151321411133e+00
-2.665250778198242188e+00
-1.513347983360290527e+00
-3.115447759628295898e-01
-1.431680321693420410e-01
7.604651153087615967e-02
-3.869548439979553223e-02
7.203204035758972168e-01
5.108346939086914062e-01
1.249181479215621948e-01
6.215810179710388184e-01
3.974550664424896240e-01
6.369882225990295410e-01
5.496313571929931641e-01
6.079303026199340820e-01
5.355473160743713379e-01
6.489601135253906250e-01
2.900561690330505371e-01
-2.503524124622344971e-01
-2.071323245763778687e-01
-2.379744350910186768e-01
-2.188904732465744019e-01
-2.800855934619903564e-01
-8.224645853042602539e-01
-1.002762317657470703e+00
-8.073764443397521973e-01
-9.196519851684570312e-01
-7.470123767852783203e-01
-5.811724662780761719e-01
-4.027305245399475098e-01
-1.206150412559509277e+00
-1.481838822364807129e+00
-1.791156053543090820e+00
-1.337417125701904297e+00
-1.785000205039978027e+00
-1.716181039810180664e+00
-1.410858273506164551e+00
-1.275471687316894531e+00
-1.493055939674377441e+00
-1.656924009323120117e+00
-1.478457689285278320e+00
-1.129686355590820312e+00
1.091217249631881714e-02
-1.892807930707931519e-01
-4.536298513412475586e-01
-7.082245349884033203e-01
-6.922163367271423340e-01
1.287971735000610352e+00
9.111403822898864746e-01
5.385853052139282227e-01
1.330737769603729248e-01
1.032160758972167969e+00
5.095052123069763184e-01
1.435655206441879272e-01
8.662779331207275391e-01
8.235067129135131836e-01
9.526034593582153320e-01
-6.128302216529846191e-01
-1.885769128799438477e+00
-2.209190845489501953e+00
-2.415052175521850586e+00
-1.017264962196350098e+00
-8.623832464218139648e-01
-2.548785805702209473e-01
-6.776016354560852051e-01
-8.362548351287841797e-01
1.903178915381431580e-02
-4.590280652046203613e-01
1.739239320158958435e-02
6.677730679512023926e-01
7.915790677070617676e-01
2.799832522869110107e-01
7.337325811386108398e-01
2.556923925876617432e-01
-5.503449589014053345e-02
5.690022706985473633e-01
8.580761030316352844e-03
6.401507258415222168e-01
8.999105691909790039e-01
1.043557167053222656e+00
9.245375394821166992e-01
7.879035472869873047e-01
7.326335310935974121e-01
7.869490981101989746e-01
-1.204645752906799316e+00
-1.267862439155578613e+00
-1.036734819412231445e+00
-9.129669070243835449e-01
-7.125208377838134766e-01
-7.177653908729553223e-01
-1.362473607063293457e+00
-1.951534390449523926e+00
-2.078840732574462891e+00
-1.533357262611389160e+00
-8.154564499855041504e-01
-4.305011332035064697e-01
1.197830662131309509e-01
-1.840163255110383034e-03
-2.848474085330963135e-01
-7.590706944465637207e-01
-1.142229795455932617e+00
-1.192962408065795898e+00
-9.347081184387207031e-01
-5.242279171943664551e-01
6.284587979316711426e-01
1.536710262298583984e-01
-1.524735093116760254e-01
-5.995063856244087219e-02
2.905393540859222412e-01
6.583019495010375977e-01
8.251683115959167480e-01
4.745288491249084473e-01
7.668056488037109375e-01
1.047085523605346680e+00
1.151465415954589844e+00
1.116640925407409668e+00
9.844436645507812500e-01
7.569347620010375977e-01
7.805315256118774414e-01
7.465706467628479004e-01
6.623115539550781250e-01
6.388107538223266602e-01
6.730922460556030273e-01
6.168355941772460938e-01
6.043837666511535645e-01
-1.160333037376403809e+00
-1.323415637016296387e+00
-1.470105648040771484e+00
-3.016693830490112305e+00
-3.670774936676025391e+00
-2.957295894622802734e+00
-7.686468362808227539e-01
-1.158335208892822266e+00
-1.108158111572265625e+00
-5.770357847213745117e-01
-3.799871727824211121e-02
6.059509143233299255e-02
-1.334481984376907349e-01
-5.465940758585929871e-02
-5.501025915145874023e-01
-8.384974002838134766e-01
-5.893957018852233887e-01
-4.974453896284103394e-02
3.624041974544525146e-01
4.004938900470733643e-01
1.934498250484466553e-01
5.433453917503356934e-01
9.044579267501831055e-01
1.064623236656188965e+00
1.001543641090393066e+00
8.243148326873779297e-01
6.603441834449768066e-01
6.772981882095336914e-01
6.799322366714477539e-01
7.396213412284851074e-01
8.553251624107360840e-01
8.378247022628784180e-01
6.460894346237182617e-01
4.442157149314880371e-01
6.990119814872741699e-01
6.849541664123535156e-01
5.743317008018493652e-01
5.355845689773559570e-01
6.036730408668518066e-01
2.161811739206314087e-01
3.741882741451263428e-01
5.961185097694396973e-01
6.832744479179382324e-01
-3.239806592464447021e-01
-3.356499969959259033e-01
-1.065080761909484863e+00
-1.669029712677001953e+00
-2.046382427215576172e+00
-1.649508833885192871e+00
-8.844585418701171875e-01
-2.468678504228591919e-01
4.299745894968509674e-03
4.605564102530479431e-02
1.530077755451202393e-01
6.129910349845886230e-01
8.121523857116699219e-01
7.804253697395324707e-01
6.604435443878173828e-01
5.323277711868286133e-01
4.067047536373138428e-01
8.671901822090148926e-01
7.696186304092407227e-01
7.065833210945129395e-01
6.519185304641723633e-01
5.504059791564941406e-01
3.225148618221282959e-01
6.845389306545257568e-02
7.442195415496826172e-01
7.231959700584411621e-01
4.911101162433624268e-01
3.425637483596801758e-01
3.824527263641357422e-01
3.834210932254791260e-01
3.727854788303375244e-01
5.012316107749938965e-01
5.746314525604248047e-01
4.875406622886657715e-01
8.711300492286682129e-01
7.038523554801940918e-01
5.137748122215270996e-01
-1.029313325881958008e+00
-9.333754777908325195e-01
-7.694816589355468750e-01
-3.976113200187683105e-01
1.884596794843673706e-01
5.265325307846069336e-01
5.028290152549743652e-01
9.241824746131896973e-01
1.022910594940185547e+00
9.346233606338500977e-01
6.824723482131958008e-01
5.208961963653564453e-01
4.814266860485076904e-01
4.072657525539398193e-01
7.963646650314331055e-01
6.207913756370544434e-01
4.349460005760192871e-01
2.995330393314361572e-01
5.150987505912780762e-01
3.153413534164428711e-01
2.961105108261108398e-01
3.075209558010101318e-01
5.177551507949829102e-01
4.175253510475158691e-01
3.778394162654876709e-01
9.853276610374450684e-01
9.742324352264404297e-01
8.776119947433471680e-01
3.528600037097930908e-01
3.387184143066406250e-01
3.699381947517395020e-01
5.645927786827087402e-01
7.060195207595825195e-01
5.762556791305541992e-01
3.275774121284484863e-01
5.431661009788513184e-01
4.306291341781616211e-01
3.879140019416809082e-01
4.851637184619903564e-01
3.313760161399841309e-01
5.012379288673400879e-01
3.993343114852905273e-01
8.408399224281311035e-01
6.551591157913208008e-01
5.872380137443542480e-01
5.935570597648620605e-01
7.517735958099365234e-01
6.434687376022338867e-01
5.033473372459411621e-01
7.035308480262756348e-01
5.339836478233337402e-01
3.246808946132659912e-01
3.621692657470703125e-01
1.571567207574844360e-01
4.456429183483123779e-01
4.398402273654937744e-01
8.029295206069946289e-01
6.430083513259887695e-01
8.096435070037841797e-01
5.633883476257324219e-01
6.602315306663513184e-01
4.847635328769683838e-01
5.683311820030212402e-01
9.337180852890014648e-01
4.256607592105865479e-01
1.015717029571533203e+00
1.140238404273986816e+00
1.006409883499145508e+00
9.745763540267944336e-01
7.707698941230773926e-01
6.053524017333984375e-01
7.005102634429931641e-01
5.641589164733886719e-01
3.517045378684997559e-01
7.275314927101135254e-01
8.029170036315917969e-01
8.333590030670166016e-01
6.410240530967712402e-01
6.663729548454284668e-01
6.786468625068664551e-01
6.449702382087707520e-01
5.500999093055725098e-01
5.988525152206420898e-01
5.648453831672668457e-01
4.624626934528350830e-01
4.104783833026885986e-01
2.774818241596221924e-01
7.440705299377441406e-01
5.978258252143859863e-01
4.447430074214935303e-01
4.837852716445922852e-01
3.783122003078460693e-01
4.112896025180816650e-01
3.975145220756530762e-01
4.510445296764373779e-01
4.145458936691284180e-01
7.942803502082824707e-01
8.638556003570556641e-01
6.910457611083984375e-01
6.438832283020019531e-01
2.990348339080810547e-01
3.757542371749877930e-01
2.821237146854400635e-01
2.520759999752044678e-01
8.335215970873832703e-03
-2.785895019769668579e-02
2.042992711067199707e-01
2.567887306213378906e-01
2.651671469211578369e-01
2.446640133857727051e-01
8.817715942859649658e-02
1.995396912097930908e-01
5.813946574926376343e-02
2.350076138973236084e-01
7.704050093889236450e-02
-1.625379621982574463e-01
2.923119664192199707e-01
6.158001348376274109e-02
-1.173252165317535400e-01
-3.886509314179420471e-02
2.797759696841239929e-02
-1.136428955942392349e-02
7.831850647926330566e-02
-1.589710563421249390e-01
3.500821888446807861e-01
1.510981768369674683e-01
1.674040704965591431e-01
-8.749653934501111507e-04
1.238488182425498962e-01
3.568152338266372681e-02
-1.091286465525627136e-01
1.518308669328689575e-01
9.469342976808547974e-02
-6.010803580284118652e-02
-1.674532741308212280e-01
-6.496365368366241455e-02
-7.691956590861082077e-03
5.870459973812103271e-02
9.763839095830917358e-02
6.139803677797317505e-02
-5.620652437210083008e-02
-6.497009843587875366e-02
2.954926900565624237e-02
1.489751487970352173e-01
1.783258914947509766e-01
6.773861497640609741e-02
-9.656548500061035156e-02
-1.430390588939189911e-02
8.877035230398178101e-02
2.258068621158599854e-01
1.235195845365524292e-01
1.543042156845331192e-02
1.179228574037551880e-01
1.017062738537788391e-02
2.513551414012908936e-01
1.010250523686408997e-01
1.585108637809753418e-01
2.853116095066070557e-01
-4.489158745855093002e-03
2.103973925113677979e-01
3.816844522953033447e-02
-2.008299231529235840e-01
2.877361178398132324e-01
2.523851096630096436e-01
-3.104655630886554718e-02
-2.967298924922943115e-01
-4.508421942591667175e-02
1.598701179027557373e-01
2.310657799243927002e-01
1.263534575700759888e-01
-1.083931028842926025e-01
-1.402224898338317871e-01
-1.108489111065864563e-01
2.544923685491085052e-03
1.326583027839660645e-01
2.181258648633956909e-01
1.758281141519546509e-01
-1.178081519901752472e-02
-2.451838999986648560e-01
-2.468521744012832642e-01
-1.421430557966232300e-01
-1.789869368076324463e-02
1.206019595265388489e-01
2.284847944974899292e-01
2.235002815723419189e-01
1.142882853746414185e-01
-4.194946214556694031e-02
-2.001693099737167358e-01
-1.866750270128250122e-01
-1.238976716995239258e-01
-2.158025279641151428e-02
1.171467378735542297e-01
2.380467504262924194e-01
2.736713886260986328e-01
2.032646983861923218e-01
5.252438783645629883e-02
-1.315998882055282593e-01
8.586581051349639893e-02
2.228268235921859741e-01
3.772676289081573486e-01
4.468657970428466797e-01
4.048434793949127197e-01
2.502866387367248535e-01
-2.916710218414664268e-03
-2.495176345109939575e-01
2.602590024471282959e-01
4.390133917331695557e-01
4.533662497997283936e-01
3.075313866138458252e-01
7.504235953092575073e-02
-1.593122631311416626e-01
3.194327354431152344e-01
4.098852574825286865e-01
3.411902487277984619e-01
1.569142192602157593e-01
-1.679852418601512909e-02
4.930831789970397949e-01
5.326643586158752441e-01
3.911894857883453369e-01
2.107515931129455566e-01
3.843887746334075928e-01
2.644402384757995605e-01
1.352706700563430786e-01
2.169210761785507202e-01
2.699399292469024658e-01
2.884619832038879395e-01
1.248599663376808167e-01
3.128542900085449219e-01
2.164583504199981689e-01
3.548338077962398529e-03
3.348346054553985596e-01
3.310240209102630615e-01
1.726463288068771362e-01
-1.171538159251213074e-01
1.286499761044979095e-02
1.016690880060195923e-01
2.083189040422439575e-01
2.886319458484649658e-01
2.404384762048721313e-01
4.613018408417701721e-02
-1.657389253377914429e-01
-9.518980979919433594e-02
-9.723854809999465942e-02
3.438349068164825439e-02
2.551093995571136475e-01
4.100905954837799072e-01
3.533888459205627441e-01
1.502579301595687866e-01
-7.430242002010345459e-02
-2.319795191287994385e-01
-8.538623154163360596e-02
1.011581569910049438e-01
2.159370183944702148e-01
2.221562564373016357e-01
1.333240270614624023e-01
-2.093434706330299377e-02
-2.055714428424835205e-01
-2.098528593778610229e-01
-8.522843569517135620e-02
6.472687423229217529e-02
1.799547672271728516e-01
2.262893170118331909e-01
1.475687772035598755e-01
-9.816577285528182983e-02
-2.269911170005798340e-01
-5.054812133312225342e-02
1.588104516267776489e-01
2.637607455253601074e-01
1.832479536533355713e-01
-5.907436087727546692e-02
-3.491776287555694580e-01
-2.329935133457183838e-01
-4.973571002483367920e-02
1.436365544795989990e-01
2.129878103733062744e-01
1.571391373872756958e-01
7.972377352416515350e-03
1.322421729564666748e-01
3.244291543960571289e-01
3.506630659103393555e-01
2.033967375755310059e-01
1.729235798120498657e-02
6.321269869804382324e-01
5.768841505050659180e-01
4.565671980381011963e-01
3.677883744239807129e-01
6.668763160705566406e-01
7.811800837516784668e-01
8.625817894935607910e-01
3.717696964740753174e-01
4.055179059505462646e-01
1.697772294282913208e-01
5.716014504432678223e-01
3.334577381610870361e-01
1.125023290514945984e-01
4.824809730052947998e-01
3.792093992233276367e-01
2.727206349372863770e-01
1.220282018184661865e-01
3.145208656787872314e-01
3.742616772651672363e-01
4.419224262237548828e-01
3.835928738117218018e-01
1.451918780803680420e-01
3.238268196582794189e-01
3.713954091072082520e-01
4.267477989196777344e-01
3.669008612632751465e-01
1.490085124969482422e-01
-1.340139359235763550e-01
3.507101237773895264e-01
2.473429888486862183e-01
1.873312443494796753e-01
1.251187622547149658e-01
1.583282835781574249e-02
2.717583477497100830e-01
2.843515276908874512e-01
2.373448908329010010e-01
1.259288638830184937e-01
-5.342013202607631683e-03
4.047339856624603271e-01
3.629616498947143555e-01
3.353459537029266357e-01
3.103190064430236816e-01
4.510311782360076904e-01
6.613242030143737793e-01
7.915976643562316895e-01
9.505209326744079590e-01
9.143466949462890625e-01
5.368953943252563477e-01
7.861188054084777832e-01
6.070265173912048340e-01
5.596412420272827148e-01
2.195258438587188721e-01
5.219043493270874023e-01
-1.357317417860031128e-01
6.446080803871154785e-01
1.780957728624343872e-01
1.035308599472045898e+00
1.233724117279052734e+00
6.522779464721679688e-01
5.372278690338134766e-01
3.259879052639007568e-01
1.110318228602409363e-01
-7.239700108766555786e-02
-1.147574633359909058e-01
8.082970976829528809e-03
-1.021311879158020020e-01
-1.077219098806381226e-01
4.134988188743591309e-01
2.523773908615112305e-01
1.564622521400451660e-01
7.891668938100337982e-03
2.891559004783630371e-01
3.914492130279541016e-01
3.409409523010253906e-01
4.215122386813163757e-02
-2.854934632778167725e-01
7.406097650527954102e-02
3.081816434860229492e-01
3.960542082786560059e-01
2.939328551292419434e-01
9.871955215930938721e-02
8.867564797401428223e-02
2.152538895606994629e-01
3.717174828052520752e-01
4.977870881557464600e-01
4.515215456485748291e-01
2.158415913581848145e-01
1.372864842414855957e-01
2.269037961959838867e-01
3.414278924465179443e-01
4.174674749374389648e-01
3.849495947360992432e-01
2.551299929618835449e-01
7.194095104932785034e-02
1.819158494472503662e-01
1.740990579128265381e-01
1.369002014398574829e-01
1.169364452362060547e-01
1.028908491134643555e-01
7.204056531190872192e-02
1.368678212165832520e-01
9.217341989278793335e-02
-1.055311178788542747e-03
-2.524240501224994659e-02
4.975280910730361938e-02
1.059220880270004272e-01
2.621531859040260315e-02
5.560786277055740356e-02
3.140532076358795166e-01
6.137225031852722168e-01
6.355551481246948242e-01
3.106138706207275391e-01
7.290371060371398926e-01
1.002918720245361328e+00
9.362128973007202148e-01
9.372422099113464355e-01
1.054951474070549011e-01
1.902988851070404053e-01
1.385120302438735962e-01
3.052104711532592773e-01
1.855481415987014771e-01
-2.205141820013523102e-02
2.066708207130432129e-01
8.875165879726409912e-02
-6.459464877843856812e-02
-1.988484263420104980e-01
1.705127209424972534e-01
1.312574744224548340e-01
-2.991711953654885292e-03
-1.817694306373596191e-01
1.611375212669372559e-01
3.609138429164886475e-01
3.800809085369110107e-01
2.249235063791275024e-01
-1.626094686798751354e-03
-1.744718849658966064e-01
-1.196470782160758972e-01
2.856782637536525726e-02
2.304071485996246338e-01
4.009179174900054932e-01
4.851360917091369629e-01
4.038153290748596191e-01
1.977570801973342896e-01
-3.573694080114364624e-02
-2.320900261402130127e-01
-1.391853839159011841e-01
-5.826067551970481873e-02
1.278331875801086426e-01
3.134428560733795166e-01
3.751007020473480225e-01
2.802419066429138184e-01
9.307099133729934692e-02
-1.016064956784248352e-01
-2.240717113018035889e-01
-1.002743244171142578e-01
9.298815578222274780e-02
2.768955528736114502e-01
3.861058056354522705e-01
4.301232397556304932e-01
4.006882011890411377e-01
2.331237494945526123e-01
-1.917530968785285950e-02
-1.031600981950759888e-01
2.182243578135967255e-02
1.645340472459793091e-01
3.072364032268524170e-01
4.318689405918121338e-01
4.482062458992004395e-01
3.096662461757659912e-01
9.437079727649688721e-02
-9.162687510251998901e-02
-1.102788001298904419e-01
-1.092893108725547791e-01
-3.543920069932937622e-02
8.215414732694625854e-02
2.022462487220764160e-01
2.858350574970245361e-01
3.178376853466033936e-01
2.502452731132507324e-01
4.022226110100746155e-02
-1.778087317943572998e-01
-2.446898669004440308e-01
-1.670675575733184814e-01
2.810312248766422272e-02
1.680142283439636230e-01
1.431854069232940674e-01
2.276826836168766022e-02
-3.123675584793090820e-01
-1.962504535913467407e-01
-6.514424085617065430e-02
1.885090582072734833e-02
6.491525471210479736e-02
8.042660355567932129e-02
-1.920506060123443604e-01
-5.988748744130134583e-02
1.363874375820159912e-01
2.252553105354309082e-01
1.383329331874847412e-01
3.638747930526733398e-01
4.585060477256774902e-01
3.957775235176086426e-01
2.789827287197113037e-01
2.606676518917083740e-01
4.155009388923645020e-01
2.363501638174057007e-01
3.703640997409820557e-01
3.143402934074401855e-01
2.070171236991882324e-01
1.959090083837509155e-01
4.194096028804779053e-01
4.809892475605010986e-01
3.190766274929046631e-01
-3.518907427787780762e-01
1.970457658171653748e-02
4.006888866424560547e-01
5.054833292961120605e-01
2.184692770242691040e-01
-2.333966344594955444e-01
-1.445809751749038696e-01
-2.843255735933780670e-02
1.653499007225036621e-01
2.810243368148803711e-01
2.006301730871200562e-01
-5.832382664084434509e-02
6.394055485725402832e-02
1.838539987802505493e-01
1.862314045429229736e-01
9.595950692892074585e-02
4.524883627891540527e-02
8.656790852546691895e-02
9.575609862804412842e-02
-1.837049424648284912e-02
-2.028300315141677856e-01
-1.168707087635993958e-01
1.432390976697206497e-02
5.808267742395401001e-02
1.571070216596126556e-02
2.328560315072536469e-02
1.258710920810699463e-01
2.097052782773971558e-01
1.902918070554733276e-01
6.043017283082008362e-02
-1.488253921270370483e-01
-1.923715323209762573e-01
-1.659278273582458496e-01
-1.645822972059249878e-01
-1.759588271379470825e-01
-9.669818729162216187e-02
1.251213997602462769e-01
4.306748509407043457e-01
6.299581527709960938e-01
4.873470067977905273e-01
8.796124160289764404e-02
-5.039175227284431458e-02
-7.583642005920410156e-02
-5.608718097209930420e-02
1.212844103574752808e-01
4.456509649753570557e-01
6.724210381507873535e-01
6.179024577140808105e-01
3.135654628276824951e-01
-8.007392287254333496e-03
-3.817067295312881470e-02
1.307460218667984009e-01
3.639474213123321533e-01
5.156397819519042969e-01
4.609930515289306641e-01
1.892063170671463013e-01
-9.889478981494903564e-02
1.998393982648849487e-01
3.618289232254028320e-01
3.345583379268646240e-01
2.033308595418930054e-01
7.209027558565139771e-02
2.224911004304885864e-01
2.854575216770172119e-01
3.149417042732238770e-01
2.700845301151275635e-01
1.878398060798645020e-01
1.172249391674995422e-01
-2.438725531101226807e-01
-2.743247449398040771e-01
1.597352027893066406e-01
3.938447237014770508e-01
2.064376771450042725e-01
7.842941582202911377e-02
5.322418808937072754e-01
3.980643749237060547e-01
2.297971099615097046e-01
5.679929852485656738e-01
5.929319858551025391e-01
3.731161355972290039e-01
2.079748734831809998e-02
4.337046146392822266e-01
5.762711763381958008e-01
4.662314653396606445e-01
2.703766822814941406e-01
-1.134479567408561707e-01
2.621239721775054932e-01
5.045999288558959961e-01
4.961647391319274902e-01
3.048751354217529297e-01
-5.761911869049072266e-01
-1.315126419067382812e-01
2.551997303962707520e-01
3.876406848430633545e-01
2.559538483619689941e-01
-2.836928702890872955e-02
-2.351475656032562256e-01
-2.221929728984832764e-01
-3.982162103056907654e-03
3.064644336700439453e-01
4.478440284729003906e-01
2.529907524585723877e-01
-1.118458807468414307e-01
-3.103539347648620605e-01
-2.551420331001281738e-01
2.340468764305114746e-02
3.140244781970977783e-01
3.496406078338623047e-01
1.182349771261215210e-01
-2.012266516685485840e-01
-3.304680287837982178e-01
-2.555798292160034180e-01
-6.720594316720962524e-02
7.129800319671630859e-02
7.601886987686157227e-02
-3.134517231956124306e-03
-8.396319299936294556e-02
-1.429565101861953735e-01
-1.301494091749191284e-01
-4.473092500120401382e-03
1.742032319307327271e-01
3.382530510425567627e-01
3.759711682796478271e-01
2.469309568405151367e-01
2.445920370519161224e-02
3.705639839172363281e-01
4.108512103557586670e-01
2.903359830379486084e-01
1.334903538227081299e-01
2.268193289637565613e-02
3.102623820304870605e-01
2.939780950546264648e-01
2.338263988494873047e-01
1.207202076911926270e-01
4.859015643596649170e-01
3.827378153800964355e-01
6.689870953559875488e-01
4.110321104526519775e-01
2.414346635341644287e-01
5.547206401824951172e-01
3.537948429584503174e-01
1.264905780553817749e-01
5.742934942245483398e-01
4.492598176002502441e-01
1.821639537811279297e-01
5.599104762077331543e-01
4.087773561477661133e-01
1.177149340510368347e-01
4.121581315994262695e-01
4.021525681018829346e-01
2.572496533393859863e-01
4.637791216373443604e-01
6.339403986930847168e-01
4.428588449954986572e-01
1.062451228499412537e-01
8.736252188682556152e-01
7.024749517440795898e-01
4.329041838645935059e-01
5.889275670051574707e-01
5.747124552726745605e-01
3.507047891616821289e-01
7.303854227066040039e-01
5.427823662757873535e-01
1.817293167114257812e-01
5.842153429985046387e-01
4.707141816616058350e-01
9.762346744537353516e-01
3.358529210090637207e-01
4.498564004898071289e-01
3.393488228321075439e-01
3.699650466442108154e-01
3.190999627113342285e-01
3.298807740211486816e-01
2.904776632785797119e-01
4.029890894889831543e-01
4.336390197277069092e-01
5.376589298248291016e-01
4.941627979278564453e-01
6.326066255569458008e-01
5.506243705749511719e-01
7.023545503616333008e-01
6.977524757385253906e-01
7.524877786636352539e-01
8.503116369247436523e-01
3.042356669902801514e-01
5.024878382682800293e-01
5.570891499519348145e-01
2.032429575920104980e-01
2.008072584867477417e-01
1.812507510185241699e-01
3.056300580501556396e-01
9.296829700469970703e-01
7.303577065467834473e-01
5.389131307601928711e-01
8.432468771934509277e-01
7.841971516609191895e-01
7.887027263641357422e-01
6.708233952522277832e-01
5.198500752449035645e-01
5.204325318336486816e-01
6.613320112228393555e-01
8.028668165206909180e-01
7.109931707382202148e-01
4.687325060367584229e-01
5.653513073921203613e-01
6.616665124893188477e-01
7.078529000282287598e-01
5.975069999694824219e-01
7.606928944587707520e-01
5.735282897949218750e-01
4.009365141391754150e-01
6.052180528640747070e-01
5.175030231475830078e-01
5.974950790405273438e-01
5.022229552268981934e-01
6.688622236251831055e-01
6.099140048027038574e-01
5.581692457199096680e-01
6.228010654449462891e-01
5.641257762908935547e-01
5.440076589584350586e-01
7.689902186393737793e-01
7.751531600952148438e-01
5.991529226303100586e-01
5.091268420219421387e-01
6.507102251052856445e-01
7.762143611907958984e-01
8.030954003334045410e-01
6.818820238113403320e-01
4.145685434341430664e-01
7.688499689102172852e-01
6.960653662681579590e-01
4.952848851680755615e-01
2.505987286567687988e-01
7.671332955360412598e-01
6.496168971061706543e-01
4.667545855045318604e-01
2.977773845195770264e-01
7.245541810989379883e-01
5.663701295852661133e-01
4.302531182765960693e-01
5.349032282829284668e-01
5.106467008590698242e-01
4.988390803337097168e-01
7.619227766990661621e-01
6.373361945152282715e-01
5.110239386558532715e-01
4.515590071678161621e-01
4.368438124656677246e-01
4.395487606525421143e-01
4.502178728580474854e-01
4.658874869346618652e-01
6.350381970405578613e-01
4.042716622352600098e-01
1.192212477326393127e-01
7.822386026382446289e-01
9.484728574752807617e-01
9.160255193710327148e-01
6.165664196014404297e-01
2.066067904233932495e-01
6.792517304420471191e-01
8.705400228500366211e-01
9.650221467018127441e-01
9.058997631072998047e-01
7.596105337142944336e-01
5.729197263717651367e-01
3.574957251548767090e-01
8.209996819496154785e-01
6.712007522583007812e-01
4.116419851779937744e-01
1.445965021848678589e-01
6.157805919647216797e-01
4.163921773433685303e-01
3.042867779731750488e-01
3.151414394378662109e-01
4.495757818222045898e-01
4.927826225757598877e-01
4.800541400909423828e-01
4.294258654117584229e-01
4.668067395687103271e-01
4.430702328681945801e-01
5.464741587638854980e-01
5.684375166893005371e-01
4.608703851699829102e-01
1.672651469707489014e-01
5.965808629989624023e-01
7.111749649047851562e-01
4.899180233478546143e-01
1.963532865047454834e-01
7.705674171447753906e-01
8.776268362998962402e-01
8.952265977859497070e-01
8.539579510688781738e-01
7.414205074310302734e-01
4.871518611907958984e-01
1.747218221426010132e-01
8.462502956390380859e-01
8.664461970329284668e-01
7.846350073814392090e-01
6.492151618003845215e-01
5.340983271598815918e-01
3.983131349086761475e-01
7.959174513816833496e-01
8.007788658142089844e-01
6.878303289413452148e-01
4.358502626419067383e-01
1.788158863782882690e-01
6.564047336578369141e-01
6.172651648521423340e-01
5.018696188926696777e-01
3.659495115280151367e-01
5.514664649963378906e-01
5.031214356422424316e-01
4.071093201637268066e-01
3.671923577785491943e-01
4.042466580867767334e-01
4.124151766300201416e-01
-1.939062774181365967e-01
-2.718009948730468750e-01
-8.326737582683563232e-02
1.014512851834297180e-01
-1.882102154195308685e-02
1.011449337005615234e+00
1.039683341979980469e+00
9.067786335945129395e-01
6.973459124565124512e-01
4.360299706459045410e-01
1.736029386520385742e-01
7.937508225440979004e-01
7.650755047798156738e-01
6.710541248321533203e-01
5.416192412376403809e-01
3.472450971603393555e-01
7.628573179244995117e-01
8.374106884002685547e-01
7.485198974609375000e-01
5.237456560134887695e-01
3.194077610969543457e-01
2.165412604808807373e-01
7.243723869323730469e-01
5.683419108390808105e-01
4.886284470558166504e-01
4.757688343524932861e-01
4.184915721416473389e-01
4.816948175430297852e-01
5.764574408531188965e-01
6.253046989440917969e-01
5.387282967567443848e-01
3.224014639854431152e-01
3.401969373226165771e-01
2.839930057525634766e-01
-5.023950338363647461e-01
-6.724377274513244629e-01
-4.952253401279449463e-01
-8.830071687698364258e-01
-4.130540192127227783e-01
3.332980573177337646e-01
3.248523473739624023e-01
3.688876703381538391e-02
-2.256668545305728912e-02
9.016215801239013672e-01
9.186520576477050781e-01
7.591927051544189453e-01
5.071786642074584961e-01
2.304086983203887939e-01
5.649314820766448975e-02
8.425323963165283203e-01
7.588724493980407715e-01
5.405046939849853516e-01
3.666169047355651855e-01
2.768502533435821533e-01
7.196937203407287598e-01
6.774408817291259766e-01
5.851022601127624512e-01
4.808077514171600342e-01
3.964913785457611084e-01
7.235983610153198242e-01
6.667153239250183105e-01
5.760509967803955078e-01
4.436966478824615479e-01
6.777155399322509766e-01
5.700726509094238281e-01
4.681095778942108154e-01
3.943963348865509033e-01
3.076109290122985840e-01
-1.380843073129653931e-01
-6.343461275100708008e-01
-1.306159645318984985e-01
-5.967228412628173828e-01
-8.750256896018981934e-01
-6.262376904487609863e-01
1.644487977027893066e-01
1.076894998550415039e-02
-8.125798106193542480e-01
-3.229715824127197266e-01
5.153539776802062988e-01
7.973780035972595215e-01
6.262324452400207520e-01
2.737747132778167725e-01
-4.401518777012825012e-02
8.423825502395629883e-01
8.860232830047607422e-01
6.414906382560729980e-01
2.656975090503692627e-01
2.875459380447864532e-02
8.063849806785583496e-01
8.401482701301574707e-01
6.787650585174560547e-01
4.623169898986816406e-01
2.997488677501678467e-01
7.272806763648986816e-01
7.106049656867980957e-01
6.679201126098632812e-01
5.525994300842285156e-01
3.748448789119720459e-01
8.933283686637878418e-01
7.941946387290954590e-01
5.757846236228942871e-01
3.901012241840362549e-01
3.101502358913421631e-01
2.955558001995086670e-01
4.195795059204101562e-01
-1.169108033180236816e+00
-1.844045877456665039e+00
-1.981808423995971680e+00
-1.765932679176330566e+00
-1.594947457313537598e+00
-1.288545489311218262e+00
-6.294299960136413574e-01
-3.805285692214965820e+00
-3.926350593566894531e+00
-2.578113079071044922e+00
-8.279114961624145508e-01
2.129263728857040405e-01
4.068884849548339844e-01
2.793876826763153076e-01
1.638609021902084351e-01
9.624247252941131592e-02
-4.516699612140655518e-01
5.948950052261352539e-01
7.746407985687255859e-01
6.961377263069152832e-01
5.038213133811950684e-01
3.151313364505767822e-01
1.172445043921470642e-01
-1.869344711303710938e-02
6.733626723289489746e-01
7.188205122947692871e-01
7.594023346900939941e-01
6.401870250701904297e-01
3.764651715755462646e-01
1.215582862496376038e-01
9.040483236312866211e-01
9.353100657463073730e-01
7.516793012619018555e-01
4.878790676593780518e-01
7.902095913887023926e-01
7.834883332252502441e-01
7.346282601356506348e-01
5.935009717941284180e-01
9.101468920707702637e-01
8.074739575386047363e-01
6.637743711471557617e-01
-2.863594532012939453e+00
-2.602775573730468750e+00
-2.223314285278320312e+00
-1.271046757698059082e+00
-6.986271739006042480e-01
-2.065472364425659180e+00
-2.545058250427246094e+00
-2.181758880615234375e+00
-1.039975523948669434e+00
-4.426324844360351562e+00
-3.468039274215698242e+00
-1.800395011901855469e+00
-3.193058967590332031e-01
5.667925477027893066e-01
6.513007283210754395e-01
2.512388825416564941e-01
-4.231787100434303284e-02
-3.916716337203979492e+00
-2.626942873001098633e+00
-1.163587450981140137e+00
-4.951976984739303589e-02
3.550608754158020020e-01
2.608956396579742432e-01
1.113310307264328003e-01
4.409991204738616943e-02
8.228623270988464355e-01
7.368667125701904297e-01
5.799701213836669922e-01
4.270217418670654297e-01
2.305637300014495850e-01
-8.834755979478359222e-03
7.870218753814697266e-01
7.662538290023803711e-01
5.596923232078552246e-01
2.926295101642608643e-01
1.114719286561012268e-01
8.986719250679016113e-01
7.900441884994506836e-01
6.840491890907287598e-01
5.710433125495910645e-01
7.725355625152587891e-01
7.204785346984863281e-01
-3.996964991092681885e-01
-1.008027553558349609e+00
-1.932718276977539062e+00
-3.461194992065429688e+00
-3.490830659866333008e+00
-2.910285234451293945e+00
-1.982792854309082031e+00
-3.787461042404174805e+00
-4.075940608978271484e+00
-3.810609817504882812e+00
-2.663223266601562500e+00
-1.200043082237243652e+00
-1.889035999774932861e-01
-3.822714090347290039e+00
-2.927317857742309570e+00
-1.813385725021362305e+00
-9.078766703605651855e-01
-1.758687198162078857e-01
2.821755707263946533e-01
2.986206412315368652e-01
-2.828069686889648438e+00
-2.705308198928833008e+00
-1.970880746841430664e+00
-7.743414044380187988e-01
6.447324156761169434e-02
1.998602598905563354e-01
3.516834229230880737e-02
-1.561798334121704102e+00
-6.869869232177734375e-01
3.575465455651283264e-02
2.750846743583679199e-01
2.169370651245117188e-01
1.011242568492889404e-01
1.553437393158674240e-02
6.676725745201110840e-01
6.127573251724243164e-01
4.959028959274291992e-01
3.042856156826019287e-01
1.113572791218757629e-01
8.457226157188415527e-01
6.820455789566040039e-01
4.620705246925354004e-01
8.299284577369689941e-01
7.283534407615661621e-01
6.381154656410217285e-01
2.289435863494873047e-01
8.330515027046203613e-01
6.664651036262512207e-01
7.079169154167175293e-01
6.921311020851135254e-01
-1.513302803039550781e+00
-1.813101530075073242e+00
-9.224371314048767090e-01
-2.820720911026000977e+00
-2.621628999710083008e+00
-1.839417934417724609e+00
-1.031606197357177734e+00
-3.623774349689483643e-01
-2.441143751144409180e+00
-2.389090299606323242e+00
-2.187193632125854492e+00
-1.657629132270812988e+00
-1.084148406982421875e+00
-6.461271643638610840e-01
-3.435227394104003906e+00
-3.692638874053955078e+00
-3.594796180725097656e+00
-3.161534786224365234e+00
-2.275284290313720703e+00
-1.091368436813354492e+00
-1.347509175539016724e-01
-3.861818075180053711e+00
-3.920284748077392578e+00
-3.744260072708129883e+00
-3.155255317687988281e+00
-2.090865612030029297e+00
-1.015334129333496094e+00
-2.428917288780212402e-01
1.642775982618331909e-01
2.787567973136901855e-01
-2.948181629180908203e+00
-2.669929742813110352e+00
-2.136753797531127930e+00
-1.469006657600402832e+00
-7.388103604316711426e-01
-2.983305156230926514e-01
-2.364373356103897095e-01
3.443278968334197998e-01
4.298116862773895264e-01
1.788049787282943726e-01
-2.053486257791519165e-01
-3.584421873092651367e-01
8.656260967254638672e-01
5.037502050399780273e-01
4.453009925782680511e-03
-3.564612865447998047e-01
1.183029174804687500e+00
7.329543828964233398e-01
2.746579945087432861e-01
2.441786415874958038e-02
8.907290697097778320e-01
7.222086191177368164e-01
5.506864190101623535e-01
7.834494709968566895e-01
6.831098794937133789e-01
2.586795091629028320e-01
5.755701065063476562e-01
3.541085422039031982e-01
2.748351395130157471e-01
3.542736768722534180e-01
3.613378703594207764e-01
3.432342708110809326e-01
3.748534321784973145e-01
4.947262406349182129e-01
4.763351082801818848e-01
7.160620689392089844e-01
9.957608580589294434e-01
9.384941458702087402e-01
8.200317621231079102e-01
-1.661947011947631836e+00
-1.815708756446838379e+00
-1.837718963623046875e+00
-1.168112277984619141e+00
-7.452062517404556274e-02
7.131161093711853027e-01
-4.085812091827392578e+00
-4.042978763580322266e+00
-3.296411514282226562e+00
-2.121975660324096680e+00
-9.232217073440551758e-01
1.182815805077552795e-02
4.356756210327148438e-01
-4.581646442413330078e+00
-4.635221004486083984e+00
-4.142902851104736328e+00
-2.997912168502807617e+00
-1.456471085548400879e+00
-8.876142650842666626e-02
5.510156154632568359e-01
5.089988112449645996e-01
-5.088169574737548828e+00
-4.721917629241943359e+00
-3.827237367630004883e+00
-2.638893842697143555e+00
-1.275933027267456055e+00
-1.911548078060150146e-01
3.135884702205657959e-01
3.857014179229736328e-01
-2.649142980575561523e+00
-2.734969377517700195e+00
-2.183340787887573242e+00
-1.283619642257690430e+00
-5.366736054420471191e-01
-1.159049943089485168e-01
-3.308929502964019775e-02
-1.012448891997337341e-01
4.611422121524810791e-01
1.109860301017761230e+00
1.068687200546264648e+00
4.761957228183746338e-01
-3.163596987724304199e-01
1.496451973915100098e+00
5.087084770202636719e-01
-2.866880893707275391e-01
7.082487940788269043e-01
6.715023517608642578e-02
1.245385646820068359e+00
7.953080534934997559e-01
9.376962780952453613e-01
7.527058124542236328e-01
7.240096926689147949e-01
4.643743336200714111e-01
4.975946545600891113e-01
6.125375032424926758e-01
4.506945312023162842e-01
5.920570492744445801e-01
7.795157432556152344e-01
9.301698803901672363e-01
9.860811233520507812e-01
3.910472989082336426e-01
7.403746843338012695e-01
1.142149448394775391e+00
1.308716535568237305e+00
1.202028870582580566e+00
9.603872299194335938e-01
-1.272472500801086426e+00
-5.715334415435791016e-01
3.592241555452346802e-03
2.193424701690673828e-01
4.140596389770507812e-01
6.436566710472106934e-01
-2.704721450805664062e+00
-2.605239629745483398e+00
-2.395136594772338867e+00
-1.711307764053344727e+00
-6.902365684509277344e-01
2.517703771591186523e-01
6.600446105003356934e-01
-3.556849002838134766e+00
-3.832938432693481445e+00
-3.495423316955566406e+00
-2.455400943756103516e+00
-9.352796673774719238e-01
3.144839704036712646e-01
7.243009805679321289e-01
-3.458084344863891602e+00
-3.565633296966552734e+00
-2.909057140350341797e+00
-1.803997874259948730e+00
-7.357121706008911133e-01
1.034166365861892700e-01
4.969017803668975830e-01
-8.827526569366455078e-01
-5.619778037071228027e-01
-1.089912131428718567e-01
5.056588649749755859e-01
5.193734169006347656e-01
9.865947999060153961e-03
1.585004687309265137e+00
2.190173149108886719e+00
1.597872376441955566e+00
6.830157637596130371e-01
1.545715093612670898e+00
8.644115328788757324e-01
9.835024476051330566e-01
5.025209188461303711e-01
6.313846111297607422e-01
5.490902662277221680e-01
8.309247493743896484e-01
1.004539251327514648e+00
1.047431945800781250e+00
1.037895560264587402e+00
5.861158370971679688e-01
8.242231011390686035e-01
1.133889436721801758e+00
1.327414155006408691e+00
1.216722011566162109e+00
8.031644225120544434e-01
-1.801692366600036621e+00
-1.136323094367980957e+00
-1.346992552280426025e-01
3.187208771705627441e-01
3.526816368103027344e-01
3.663310706615447998e-01
-1.853184103965759277e+00
-1.353028178215026855e+00
-9.883624911308288574e-01
-4.930019378662109375e-01
2.194339036941528320e-02
2.663924098014831543e-01
-1.698895096778869629e+00
-1.018495202064514160e+00
-4.561706781387329102e-01
-1.095422655344009399e-01
8.935049921274185181e-02
5.677188634872436523e-01
9.088548421859741211e-01
9.209083318710327148e-01
1.582495689392089844e+00
1.676630258560180664e+00
1.198773622512817383e+00
1.279642105102539062e+00
1.323937892913818359e+00
1.192991614341735840e+00
6.260974407196044922e-01
8.061968684196472168e-01
4.296332895755767822e-01
7.004262208938598633e-01
9.240847826004028320e-01
9.840143322944641113e-01
6.715669631958007812e-01
1.008426308631896973e+00
1.073588967323303223e+00
1.167787075042724609e+00
1.042635440826416016e+00
9.556059837341308594e-01
